strategic_region={
	id=129
	name="STRATEGICREGION_129"
	provinces={
		652 784 785 789 804 806 856 864 869 876 886 890 904 909 919 921 928 933 940 947 960 961 975 979 981 1005 1119 1122 1463 3714 3786 3788 3807 3851 3856 3862 3870 3876 3889 3890 3903 3905 3907 3919 3921 3927 3935 3950 3951 3964 3965 3967 3979 3982 3983 4008 4112 4124 4127 4512 4583 6807 6808 6813 6864 6871 6877 6888 6894 6908 6912 6919 6920 6925 6935 6938 6945 6950 6956 6965 6976 6977 6978 6991 6992 6995 7026 7130 7143 7454 7470 7530 7620 9755 9761 9763 9777 9799 9806 9811 9823 9830 9844 9858 9860 9861 9868 9871 9878 9886 9887 9893 9900 9901 9912 9915 9921 9929 9932 9941 9954 10038 10041 10056 10122 10399 10403 10472 10497 11739 11746 11747 11753 11759 11778 11784 11792 11796 11797 11810 11811 11826 11831 11839 11844 11848 11853 11860 11866 11867 11871 11880 11881 11883 11894 11897 11898 11907 11917 12013 12016 12096 12318 12376 12387 12416 12476 13121 13122 16180 16207 16208 16209 16210 16211 16212 16213 16214 16215 16216 16217 16218 16219 16220 16221 16223 16224 16225 16227 16228 16229 16230 16232 16233 16234 16235 16236 16237 16238 16239 16240 16241 16242 16243 16244 16245 16246 16247 16248 16249 16250 16251 16252 16253 16255 16256 16257 16258 16259 16260 16262 18457 18459 18460 18461 18462 18463 18464 18466 18468 18470 25338 25339 25340 25341 25342 25343 25344 25345 25346 25348 25349 25350 25352 25353 25354 25355 25356 25357 25358 25359 25360 25366 25367 25374 25375 25376 25377 25378 25379 25381 25382 25384 25385 25386 25388 25389 25390 25391 25393 25394 25395 25396 25397 25398 25399 25400 25401 25403 25404 25405 25408 25410 25413 25414 25415 25417 25418 25419 25420 25421 25423 25424 25425 25426 25427 25428 25429 25430 25431 25432 25433 25434 25435 25436 25438 25439 25440 25441 25442 25444 25447 25448 25450 25451 25452 25455 25456 25457 25458 25460 25461 25462 25463 25464 25466 25467 25468 25469 25470 25471 25472 25473 25474 25475 25476 25477 25478 25479 25480 25481 25482 25483 25484 25485 25486 25489 25491 25492 25493 25497 25498 25499 25500 25501 25503 25504 25505 25506 25507 25508 25509 25511 25512 25514 25515 25516 25517 25518 25519 25520 25521 25522 25523 25524 25525 25527 25528 25530 25531 25533 25535 25536 25537 25538 25541 25562 25569 25570 25571 25572 25573 25574 25575 25576 25577 25578 25579 25580 25581 25582 25583 25584 25585 25586 25587 25588 25589 25590 25591 25592 25593 25594 25595 25596 25597 25598 25599 25600 25601 25602 25603 25604 25606 25607 25608 25609 25610 25611 25613 25634 25635 25636 25637 25638 25639 25640 25641
	}
	weather={
		period={
			between={ 0.0 30.0 }
			temperature={ -11.0 8.0 }
			no_phenomenon=0.700
			rain_light=0.200
			rain_heavy=0.080
			snow=0.100
			blizzard=0.000
			arctic_water=0.000
			mud=1.000
			sandstorm=0.000
			min_snow_level=0.000
		}
		period={
			between={ 0.1 27.1 }
			temperature={ -10.0 12.0 }
			no_phenomenon=0.700
			rain_light=0.200
			rain_heavy=0.080
			snow=0.100
			blizzard=0.000
			arctic_water=0.000
			mud=1.000
			sandstorm=0.000
			min_snow_level=0.000
		}
		period={
			between={ 0.2 30.2 }
			temperature={ -6.0 14.0 }
			no_phenomenon=0.700
			rain_light=0.200
			rain_heavy=0.100
			snow=0.020
			blizzard=0.000
			arctic_water=0.000
			mud=1.000
			sandstorm=0.000
			min_snow_level=0.000
		}
		period={
			between={ 0.3 29.3 }
			temperature={ 1.0 18.0 }
			no_phenomenon=0.650
			rain_light=0.250
			rain_heavy=0.100
			snow=0.000
			blizzard=0.000
			arctic_water=0.000
			mud=1.000
			sandstorm=0.000
			min_snow_level=0.000
		}
		period={
			between={ 0.4 30.4 }
			temperature={ 7.0 21.0 }
			no_phenomenon=0.650
			rain_light=0.250
			rain_heavy=0.100
			snow=0.000
			blizzard=0.000
			arctic_water=0.000
			mud=1.000
			sandstorm=0.000
			min_snow_level=0.000
		}
		period={
			between={ 0.5 29.5 }
			temperature={ 10.0 25.0 }
			no_phenomenon=0.700
			rain_light=0.200
			rain_heavy=0.100
			snow=0.000
			blizzard=0.000
			arctic_water=0.000
			mud=1.000
			sandstorm=0.000
			min_snow_level=0.000
		}
		period={
			between={ 0.6 30.6 }
			temperature={ 14.0 28.0 }
			no_phenomenon=0.800
			rain_light=0.150
			rain_heavy=0.050
			snow=0.000
			blizzard=0.000
			arctic_water=0.000
			mud=1.000
			sandstorm=0.000
			min_snow_level=0.000
		}
		period={
			between={ 0.7 30.7 }
			temperature={ 14.0 28.0 }
			no_phenomenon=0.850
			rain_light=0.100
			rain_heavy=0.050
			snow=0.000
			blizzard=0.000
			arctic_water=0.000
			mud=1.000
			sandstorm=0.000
			min_snow_level=0.000
		}
		period={
			between={ 0.8 29.8 }
			temperature={ 9.0 25.0 }
			no_phenomenon=0.850
			rain_light=0.100
			rain_heavy=0.050
			snow=0.000
			blizzard=0.000
			arctic_water=0.000
			mud=1.000
			sandstorm=0.000
			min_snow_level=0.000
		}
		period={
			between={ 0.9 30.9 }
			temperature={ 3.0 21.0 }
			no_phenomenon=0.750
			rain_light=0.150
			rain_heavy=0.100
			snow=0.020
			blizzard=0.000
			arctic_water=0.000
			mud=1.000
			sandstorm=0.000
			min_snow_level=0.000
		}
		period={
			between={ 0.10 29.10 }
			temperature={ -3.0 14.0 }
			no_phenomenon=0.650
			rain_light=0.250
			rain_heavy=0.100
			snow=0.020
			blizzard=0.000
			arctic_water=0.000
			mud=1.000
			sandstorm=0.000
			min_snow_level=0.000
		}
		period={
			between={ 0.11 30.11 }
			temperature={ -10.0 10.0 }
			no_phenomenon=0.650
			rain_light=0.250
			rain_heavy=0.800
			snow=0.100
			blizzard=0.000
			arctic_water=0.000
			mud=1.000
			sandstorm=0.000
			min_snow_level=0.000
		}
	}
}
