
strategic_region={
	id=199
	name="STRATEGICREGION_199"
	provinces={
		1736 1767 1789 1815 1832 1851 1854 1857 3781 4610 4723 4741 4778 4794 4820 4838 4857 4860 4863 6742 7688 7760 7779 7814 7845 7880 7883 7888 9616 9695 10556 10587 10593 10602 10624 10640 10672 10706 10711 11712 12124 12535 12561 12572 12585 12607 12633 12651 12676 14891 17290 17295 17296 17307 20094 20095 20232 20233 20251 20255 20260 20427 20428 20701 20751 20997 21007 21016 21025 21027 21033 21046 21050 21081 21106 21109 21147 21155 21198 21208 21237 21292 21342 21424 21446 21469 21473 21492 21510 21555 21568 21569 21571 21575 21578 21581 21582 21588 21590 21593 21595 21605 21869 21873 21877 21879 21892 21912 21915 21918 21923 21931 21949 21953 21955 21959 21963 21969 21971 21993 21998 22000 22005 22009 22023 22034 22037 22040 22042 22044 22046 22051 22064 22066 22067 22069 22071 22076 22077 22087 22089 22095 22098 22100 22127 22129 22136 22139 22143 22157 22164 22175 22194 22206 22207 22219 22226 22239 22249 22250 22253 22254 22255 22256 22260 22262 22263 22266 22325 22349 22350 22359 22364 22365 22370 22376 22386 22387 22474 22485 22494 22495 22501 22509 22571 22820 22821 22822 22843 22850 22854 22857 22923 22969 22970 22971 22974 22975 22987 22988 22992 22993 22996 23012 23013 23021 23025 23027 23029 23034 23042 23044 23047 23050 23052 23062 23066 23068 23072 23075 23077 23078 23086 23091 23093 23098 23102 23104 23111 23114 23116 23118 23120 23122 23126 23130 23132 23133 23135 23137 23139 23145 23147 23151 23153 23155 23172 23173 23176 23179 23180 23187 23192 23195 23201 23208 23209 23212 23213 23216 23217 23218 23220 23221 23222 23223 23225 23226 23227 23229 23281 23282 23287 23289 23290 23293 23296 23302 23312 23317 23320 23321 23323 23324 23326 23583 23593 23598 23604 23608 23612 23613 23614 23652 23683 23690 23696 23706 23709 23716 23720 23724 23725 23726 23755 23792 23800 23807 23812 23821 23832 23833 23834 23850 23855 23903 23910 23913 23918 23920 23928 23938 23941 23972 23998 24002 24006 24010 24016 24020 24024 24029 24050 24152 24154 24155 24157 24165 24166 24174 24175 24180 24181 24182 24189 24190 24202 24210 24222 24228 24234 24240 24242 24248 24257 24261 24272 24283 24286 24305 24308 24317 24320 24324 24341 24352 24369 24389 24412 24416 24430 24444 24482 24493 24494 24496 24499 24500 24501 24502 24506 24508 24509 24510 24515 24524 24528 24531 24533 24539 24547 24549 24552 24555 24558 24568 24572 24574 24578 24582 24585 24586 24595 24600 24602 24607 24611 24613 24620 24623 24626 24628 24630 24632 24636 24649 24651 24652 24654 24656 24660 24661 24668 24670 24674 24676 24678 24701 24702 24706 24709 24711 24723 24729 24735 24744 24751 24752 24760 24761 24766 24771 24772 24774 24775 24776 24777 24779 24780 24781 24783 24860 24861 24867 24870 24871 24876 24880 24890 24971 24981 24990 24991 24995 24996 25050
	}
	weather={
		period={
			between={ 0.0 30.0 }
			temperature={ -23.0 5.0 }
			no_phenomenon=0.500
			rain_light=0.050
			rain_heavy=0.050
			snow=0.300
			blizzard=0.200
			arctic_water=0.000
			mud=1.000
			sandstorm=0.000
			min_snow_level=0.100
		}
		period={
			between={ 0.1 27.1 }
			temperature={ -14.0 7.0 }
			no_phenomenon=0.500
			rain_light=0.050
			rain_heavy=0.050
			snow=0.300
			blizzard=0.100
			arctic_water=0.000
			mud=1.000
			sandstorm=0.000
			min_snow_level=0.100
		}
		period={
			between={ 0.2 30.2 }
			temperature={ -12.0 9.0 }
			no_phenomenon=0.400
			rain_light=0.500
			rain_heavy=0.200
			snow=0.200
			blizzard=0.200
			arctic_water=0.000
			mud=1.000
			sandstorm=0.000
			min_snow_level=0.000
		}
		period={
			between={ 0.3 29.3 }
			temperature={ -4.0 14.0 }
			no_phenomenon=0.400
			rain_light=0.400
			rain_heavy=0.200
			snow=0.200
			blizzard=0.050
			arctic_water=0.000
			mud=1.000
			sandstorm=0.000
			min_snow_level=0.000
		}
		period={
			between={ 0.4 30.4 }
			temperature={ 2.0 20.0 }
			no_phenomenon=0.500
			rain_light=0.350
			rain_heavy=0.150
			snow=0.000
			blizzard=0.000
			arctic_water=0.000
			mud=1.000
			sandstorm=0.000
			min_snow_level=0.000
		}
		period={
			between={ 0.5 29.5 }
			temperature={ 6.0 23.0 }
			no_phenomenon=0.600
			rain_light=0.300
			rain_heavy=0.100
			snow=0.000
			blizzard=0.000
			arctic_water=0.000
			mud=1.000
			sandstorm=0.000
			min_snow_level=0.000
		}
		period={
			between={ 0.6 30.6 }
			temperature={ 11.0 28.0 }
			no_phenomenon=0.800
			rain_light=0.150
			rain_heavy=0.050
			snow=0.000
			blizzard=0.000
			arctic_water=0.000
			mud=1.000
			sandstorm=0.000
			min_snow_level=0.000
		}
		period={
			between={ 0.7 30.7 }
			temperature={ 11.0 25.0 }
			no_phenomenon=0.800
			rain_light=0.150
			rain_heavy=0.050
			snow=0.000
			blizzard=0.000
			arctic_water=0.000
			mud=1.000
			sandstorm=0.000
			min_snow_level=0.000
		}
		period={
			between={ 0.8 29.8 }
			temperature={ 4.0 22.0 }
			no_phenomenon=0.650
			rain_light=0.250
			rain_heavy=0.150
			snow=0.100
			blizzard=0.000
			arctic_water=0.000
			mud=1.000
			sandstorm=0.000
			min_snow_level=0.000
		}
		period={
			between={ 0.9 30.9 }
			temperature={ -3.0 15.0 }
			no_phenomenon=0.500
			rain_light=0.350
			rain_heavy=0.150
			snow=0.200
			blizzard=0.100
			arctic_water=0.000
			mud=1.000
			sandstorm=0.000
			min_snow_level=0.000
		}
		period={
			between={ 0.10 29.10 }
			temperature={ -13.0 11.0 }
			no_phenomenon=0.350
			rain_light=0.150
			rain_heavy=0.100
			snow=0.150
			blizzard=0.100
			arctic_water=0.000
			mud=1.000
			sandstorm=0.000
			min_snow_level=0.000
		}
		period={
			between={ 0.11 30.11 }
			temperature={ -15.0 5.0 }
			no_phenomenon=0.300
			rain_light=0.100
			rain_heavy=0.100
			snow=0.300
			blizzard=0.100
			arctic_water=0.000
			mud=1.000
			sandstorm=0.000
			min_snow_level=0.000
		}
	}
}
