
strategic_region={
	id=219
	name="STRATEGICREGION_219"
	provinces={
		850 853 868 1658 1663 1738 1740 1756 1793 1809 1827 1972 2102 3834 3867 3869 3883 4668 4742 4796 4865 4975 5044 6887 6897 7684 7747 7764 7780 7818 7821 7920 7999 8070 8115 9792 10535 10573 10582 10588 10642 10645 10651 10662 10783 10867 10914 11772 11814 12552 12570 12573 12627 12642 12684 12699 12720 12765 12791 13153 15347 15348 17287 17297 17300 20086 20197 20277 20295 20425 20443 20453 20614 20746 20757 20766 21000 21017 21028 21037 21047 21048 21080 21089 21101 21114 21115 21127 21129 21145 21148 21165 21168 21199 21214 21215 21238 21250 21260 21289 21328 21339 21345 21376 21405 21422 21423 21438 21445 21453 21454 21465 21468 21477 21496 21511 21546 21601 21602 21607 21856 21857 21858 21867 21868 21870 21871 21872 21874 21876 21878 21884 21894 21896 21897 21898 21911 21919 21925 21926 21938 21939 21948 21951 21954 21956 21957 21965 21967 21968 21974 21991 21994 21995 21996 22001 22002 22003 22004 22011 22013 22019 22021 22035 22039 22041 22043 22047 22048 22049 22050 22052 22053 22068 22070 22072 22078 22079 22082 22084 22086 22088 22090 22096 22101 22104 22107 22108 22115 22116 22117 22122 22124 22126 22133 22137 22140 22141 22144 22145 22149 22156 22167 22173 22174 22188 22193 22196 22197 22203 22205 22208 22220 22227 22232 22264 22265 22267 22829 22847 22858 22884 22897 22931 22948 22964 22976 22978 22998 22999 23000 23001 23005 23006 23007 23008 23015 23016 23019 23020 23022 23023 23024 23026 23028 23032 23035 23036 23041 23051 23053 23054 23061 23064 23067 23069 23070 23076 23079 23085 23087 23088 23089 23094 23095 23096 23097 23103 23112 23115 23117 23119 23123 23124 23125 23127 23128 23134 23136 23140 23141 23144 23146 23148 23156 23157 23160 23161 23165 23166 23171 23175 23177 23181 23182 23184 23186 23193 23194 23198 23200 23202 23205 23207 23210 23214 23228 23230 23548 23549 23550 23576 23577 23585 23586 23590 23599 23603 23605 23625 23628 23655 23658 23659 23661 23686 23697 23710 23727 23736 23738 23767 23768 23791 23797 23803 23808 23813 23815 23839 23842 23844 23845 23859 23900 23905 23906 23908 23921 23923 23924 23926 23946 23948 23950 23964 23968 24000 24004 24007 24019 24022 24031 24035 24037 24039 24051 24052 24151 24156 24163 24171 24184 24188 24195 24196 24200 24206 24212 24213 24223 24235 24243 24252 24258 24259 24271 24276 24279 24291 24292 24298 24299 24304 24306 24312 24313 24318 24321 24322 24325 24328 24333 24340 24345 24349 24353 24356 24359 24367 24368 24383 24388 24396 24397 24408 24411 24417 24434 24445 24474 24512 24513 24516 24517 24518 24522 24523 24525 24526 24527 24530 24532 24536 24540 24541 24546 24557 24559 24560 24567 24570 24573 24575 24576 24584 24587 24594 24596 24597 24598 24603 24604 24605 24606 24612 24621 24625 24627 24629 24633 24634 24635 24637 24638 24653 24655 24662 24663 24667 24669 24671 24679 24682 24685 24686 24693 24694 24700 24705 24707 24712 24713 24716 24722 24733 24734 24741 24743 24745 24748 24750 24753 24762 24782 24784 25160 25161 25162 25163 25164 25165 25166 25167 25168 25169 25170 25171 25172 25173 25174 25175 25176 25177 25178 25179 25180 25181 25182 25183 25184 25185 25186 25187 25188 25189 25190 25191 25192 25193 25194 25195 25196 25197 25198 25199 25200 25201 25202 25203 25204 25206 25207 25208 25209 25210 25211 25212 25214 25215 25216 25217 25219 25221 25222 25224 25225 25226 25227 25228 25229 25230 25231 25232 25233 25234 25235 25236 25237 25238 25239 25240 25241 25242 25243 25244 25245 25246 25247 25249 25250 25251 25252 25253 25254 25255 25257 25258 25259 25260 25261 25262 25263 25264 25265 25266 25267 25268 25269 25270 25271 25272 25273 25274 25275 25276 25277 25279 25280 25281 25282 25283 25284 25285 25286 25287 25288 25289 25290 25291 25292 25293 25294 25295 25296 25297 25298 25299 25300 25301 25302 25303 25304 25305 25306 25307 25308 25309 25310 25311 25312 25313 25314 25315 25316 25317 25318 25319 25320 25321 25322 25323 25324 25325 25326 25327 25328 25329 25330 25332 25333 25334 25335 25336 25337
	}
	weather={
		period={
			between={ 0.0 30.0 }
			temperature={ -12.0 8.0 }
			no_phenomenon=0.300
			rain_light=0.400
			rain_heavy=0.200
			snow=0.100
			blizzard=0.000
			arctic_water=0.000
			mud=1.000
			sandstorm=0.000
			min_snow_level=0.100
		}
		period={
			between={ 0.1 27.1 }
			temperature={ -9.0 12.0 }
			no_phenomenon=0.300
			rain_light=0.400
			rain_heavy=0.200
			snow=0.100
			blizzard=0.000
			arctic_water=0.000
			mud=1.000
			sandstorm=0.000
			min_snow_level=0.100
		}
		period={
			between={ 0.2 30.2 }
			temperature={ -3.0 16.0 }
			no_phenomenon=0.300
			rain_light=0.500
			rain_heavy=0.200
			snow=0.000
			blizzard=0.000
			arctic_water=0.000
			mud=1.000
			sandstorm=0.000
			min_snow_level=0.000
		}
		period={
			between={ 0.3 29.3 }
			temperature={ 3.0 20.0 }
			no_phenomenon=0.400
			rain_light=0.400
			rain_heavy=0.200
			snow=0.000
			blizzard=0.000
			arctic_water=0.000
			mud=1.000
			sandstorm=0.000
			min_snow_level=0.000
		}
		period={
			between={ 0.4 30.4 }
			temperature={ 8.0 24.0 }
			no_phenomenon=0.500
			rain_light=0.350
			rain_heavy=0.150
			snow=0.000
			blizzard=0.000
			arctic_water=0.000
			mud=1.000
			sandstorm=0.000
			min_snow_level=0.000
		}
		period={
			between={ 0.5 29.5 }
			temperature={ 14.0 29.0 }
			no_phenomenon=0.600
			rain_light=0.300
			rain_heavy=0.100
			snow=0.000
			blizzard=0.000
			arctic_water=0.000
			mud=1.000
			sandstorm=0.000
			min_snow_level=0.000
		}
		period={
			between={ 0.6 30.6 }
			temperature={ 18.0 32.0 }
			no_phenomenon=0.800
			rain_light=0.150
			rain_heavy=0.050
			snow=0.000
			blizzard=0.000
			arctic_water=0.000
			mud=1.000
			sandstorm=0.000
			min_snow_level=0.000
		}
		period={
			between={ 0.7 30.7 }
			temperature={ 16.0 30.0 }
			no_phenomenon=0.800
			rain_light=0.150
			rain_heavy=0.050
			snow=0.000
			blizzard=0.000
			arctic_water=0.000
			mud=1.000
			sandstorm=0.000
			min_snow_level=0.000
		}
		period={
			between={ 0.8 29.8 }
			temperature={ 12.0 26.0 }
			no_phenomenon=0.650
			rain_light=0.250
			rain_heavy=0.100
			snow=0.000
			blizzard=0.000
			arctic_water=0.000
			mud=1.000
			sandstorm=0.000
			min_snow_level=0.000
		}
		period={
			between={ 0.9 30.9 }
			temperature={ 6.0 21.0 }
			no_phenomenon=0.500
			rain_light=0.350
			rain_heavy=0.150
			snow=0.000
			blizzard=0.000
			arctic_water=0.000
			mud=1.000
			sandstorm=0.000
			min_snow_level=0.000
		}
		period={
			between={ 0.10 29.10 }
			temperature={ -4.0 13.0 }
			no_phenomenon=0.350
			rain_light=0.400
			rain_heavy=0.200
			snow=0.050
			blizzard=0.000
			arctic_water=0.000
			mud=1.000
			sandstorm=0.000
			min_snow_level=0.000
		}
		period={
			between={ 0.11 30.11 }
			temperature={ -11.0 9.0 }
			no_phenomenon=0.300
			rain_light=0.400
			rain_heavy=0.200
			snow=0.100
			blizzard=0.000
			arctic_water=0.000
			mud=1.000
			sandstorm=0.000
			min_snow_level=0.000
		}
	}
}
