
strategic_region={
	id=235
	name="STRATEGICREGION_235"
	provinces={
		917 1214 1323 1393 1408 1411 1420 1737 1799 1858 1869 1872 2991 4343 4385 4413 4428 4678 4870 4877 5981 7259 7677 7753 7761 7820 7853 10228 10258 10273 10548 10644 12231 12259 12272 12508 12571 12578 17172 17227 17231 17235 17236 20055 20077 20217 20237 20238 20261 20422 20429 20430 20740 20747 20748 20811 20995 21002 21006 21008 21010 21019 21020 21034 21035 21044 21049 21072 21077 21078 21079 21083 21107 21108 21118 21124 21126 21137 21138 21142 21143 21153 21159 21191 21194 21235 21246 21249 21252 21284 21285 21287 21288 21340 21341 21371 21401 21402 21413 21420 21421 21425 21426 21427 21429 21430 21431 21432 21433 21440 21441 21442 21443 21444 21452 21466 21467 21483 21484 21485 21486 21489 21490 21491 21497 21508 21523 21541 21542 21543 21544 21545 21547 21548 21549 21550 21551 21553 21554 21556 21557 21561 21563 21564 21565 21573 21574 21577 21586 21587 21589 21861 21875 21880 21882 21885 21905 21906 21924 21983 21985 21992 22038 22058 22059 22060 22074 22081 22085 22092 22093 22097 22102 22103 22112 22113 22114 22123 22128 22131 22135 22142 22153 22154 22155 22163 22165 22166 22168 22172 22176 22177 22178 22179 22180 22181 22182 22183 22190 22191 22192 22195 22204 22211 22212 22213 22214 22217 22218 22224 22228 22229 22230 22231 22233 22234 22235 22237 22238 22240 22241 22243 22245 22246 22247 22252 22259 22261 22268 22269 22270 22271 22272 22273 22274 22275 22286 22288 22289 22291 22295 22297 22298 22299 22300 22301 22302 22303 22320 22340 22351 22415 22488 22500 22507 22508 22510 22511 22512 22513 22515 22565 22566 22572 22577 22578 22648 22658 22666 22668 22669 22671 22672 22673 22680 22712 22748 22757 22784 22785 22786 22790 22795 22796 22814 22837 22860 22879 22881 22882 22887 22924 22950 22961 22966 22967 22968 22972 22973 22977 22979 22982 22984 22991 23002 23003 23004 23011 23030 23039 23040 23142 23143 23152 23191 23196 23197 23199 23206 23215 23231 23238 23240 23241 23243 23247 23249 23250 23251 23252 23253 23254 23255 23308 23322 23333 23334 23336 23337 23341 23342 23346 23347 23348 23352 23354 23355 23356 23357 23358 23359 23360 23361 23362 23363 23364 23365 23366 23367 23368 23369 23370 23371 23372 23373 23374 23375 23376 23377 23378 23379 23380 23381 23382 23383 23384 23385 23386 23387 23388 23389 23393 23419 23420 23421 23440 23444 23445 23446 23447 23457 23482 23488 23502 23503 23505 23509 23510 23511 23513 23514 23515 23516 23517 23518 23519 23520 23521 23522 23527 23531 23532 23551 23557 23560 23584 23600 23615 23620 23631 23669 23672 23674 23687 23729 23733 23743 23790 23798 23801 23814 23823 23877 23881 23883 23901 23922 23994 24005 24009 24070 24118 24122 24126 24127 24159 24160 24172 24176 24177 24183 24187 24191 24192 24205 24207 24208 24214 24220 24224 24227 24229 24231 24236 24237 24249 24250 24255 24260 24268 24269 24270 24284 24285 24294 24296 24297 24301 24302 24303 24307 24310 24315 24316 24323 24326 24327 24329 24337 24338 24339 24350 24351 24354 24357 24358 24360 24366 24370 24371 24372 24374 24375 24376 24377 24378 24385 24386 24387 24395 24409 24410 24422 24423 24424 24425 24428 24429 24435 24442 24453 24470 24471 24472 24473 24475 24476 24477 24478 24480 24481 24483 24484 24487 24489 24490 24491 24497 24498 24505 24507 24520 24529 24534 24537 24544 24545 24556 24590 24624 24643 24644 24658 24665 24666 24675 24680 24681 24690 24691 24692 24699 24704 24710 24720 24721 24728 24730 24731 24732 24736 24737 24738 24739 24740 24742 24749 24754 24755 24756 24758 24759 24763 24764 24765 24768 24770 24785 24786 24787 24788 24789 24790 24791 24792 24801 24803 24804 24806 24810 24812 24813 24814 24815 24816 24817 24818 24832 24851 24916 24984 24994 24997 24998 24999 25000 25044 25045 25046 25051 25056 25057 25065 25069 25070 25071 25072 25084 25109 25115 25129 25130 25132 25136 25137 25138 25140 25141 25143 25144 25145 25146 25147 25148 25149 25154 25158 25159 24808
	}
	weather={
		period={
			between={ 0.0 30.0 }
			temperature={ -30.0 -4.0 }
			no_phenomenon=0.350
			rain_light=0.050
			rain_heavy=0.000
			snow=0.500
			blizzard=0.100
			arctic_water=0.000
			mud=0.300
			sandstorm=0.000
			min_snow_level=0.000
		}
		period={
			between={ 0.1 27.1 }
			temperature={ -29.0 -2.0 }
			no_phenomenon=0.400
			rain_light=0.100
			rain_heavy=0.000
			snow=0.400
			blizzard=0.100
			arctic_water=0.000
			mud=0.300
			sandstorm=0.000
			min_snow_level=0.000
		}
		period={
			between={ 0.2 30.2 }
			temperature={ -17.0 0.0 }
			no_phenomenon=0.450
			rain_light=0.150
			rain_heavy=0.000
			snow=0.300
			blizzard=0.100
			arctic_water=0.000
			mud=0.300
			sandstorm=0.000
			min_snow_level=0.000
		}
		period={
			between={ 0.3 29.3 }
			temperature={ -12.0 6.0 }
			no_phenomenon=0.450
			rain_light=0.250
			rain_heavy=0.050
			snow=0.200
			blizzard=0.050
			arctic_water=0.000
			mud=0.300
			sandstorm=0.000
			min_snow_level=0.000
		}
		period={
			between={ 0.4 30.4 }
			temperature={ -4.0 10.0 }
			no_phenomenon=0.450
			rain_light=0.400
			rain_heavy=0.150
			snow=0.050
			blizzard=0.000
			arctic_water=0.000
			mud=0.300
			sandstorm=0.000
			min_snow_level=0.000
		}
		period={
			between={ 0.5 29.5 }
			temperature={ -1.0 15.0 }
			no_phenomenon=0.400
			rain_light=0.400
			rain_heavy=0.150
			snow=0.000
			blizzard=0.000
			arctic_water=0.000
			mud=0.300
			sandstorm=0.000
			min_snow_level=0.000
		}
		period={
			between={ 0.6 30.6 }
			temperature={ 2.0 17.0 }
			no_phenomenon=0.400
			rain_light=0.400
			rain_heavy=0.150
			snow=0.000
			blizzard=0.000
			arctic_water=0.000
			mud=0.300
			sandstorm=0.000
			min_snow_level=0.000
		}
		period={
			between={ 0.7 30.7 }
			temperature={ 1.0 15.0 }
			no_phenomenon=0.450
			rain_light=0.400
			rain_heavy=0.150
			snow=0.000
			blizzard=0.000
			arctic_water=0.000
			mud=0.300
			sandstorm=0.000
			min_snow_level=0.000
		}
		period={
			between={ 0.8 29.8 }
			temperature={ -2.0 12.0 }
			no_phenomenon=0.500
			rain_light=0.400
			rain_heavy=0.100
			snow=0.000
			blizzard=0.000
			arctic_water=0.000
			mud=0.300
			sandstorm=0.000
			min_snow_level=0.000
		}
		period={
			between={ 0.9 30.9 }
			temperature={ -9.0 7.0 }
			no_phenomenon=0.450
			rain_light=0.350
			rain_heavy=0.050
			snow=0.150
			blizzard=0.000
			arctic_water=0.000
			mud=0.300
			sandstorm=0.000
			min_snow_level=0.000
		}
		period={
			between={ 0.10 29.10 }
			temperature={ -23.0 0.0 }
			no_phenomenon=0.400
			rain_light=0.150
			rain_heavy=0.000
			snow=0.350
			blizzard=0.100
			arctic_water=0.000
			mud=0.300
			sandstorm=0.000
			min_snow_level=0.000
		}
		period={
			between={ 0.11 30.11 }
			temperature={ -29.0 -3.0 }
			no_phenomenon=0.350
			rain_light=0.050
			rain_heavy=0.000
			snow=0.500
			blizzard=0.100
			arctic_water=0.000
			mud=0.300
			sandstorm=0.000
			min_snow_level=0.000
		}
	}
}
