state={
	id=1146
	name="STATE_1146"
	manpower = 400000
    state_category = rural

	history={
		owner = USA
		buildings = {
			infrastructure = 2
			industrial_complex = 1
		}
		add_core_of = USA
	}
    provinces = {
		1972 3867 3883 4975 5044 10642 10645 10914 12552 12684 12791 17300 20295 20746 21017 21089 21115 21129 21165 21260 21405 21438 21453 21454 21496 21511 21546 21602 21884 21896 21898 21925 21926 22001 22002 22013 22035 22050 22078 22086 22096 22116 22122 22124 22149 22167 22188 22196 22197 22220 22227 22232 22265 22267 23032 23036 23051 23094 23095 23112 23140 23144 23184 23198 23202 23214 23230 23625 23658 23661 23738 23923 23950 24000 24039 24206 24235 24276 24292 24299 24312 24333 24359 24383 24396 24397 24434 24445 24474 24513 24536 24541 24557 24603 24604 24621 24662 24667 24716 24741 24745 24762 24784
	}

    local_supplies = 0
}
