state = {
    id = 1153
    name="STATE_1153"
    manpower = 150000
    state_category = rural

	history = {

		owner = USA
		add_core_of = USA
        
}
    provinces = {
        1767 4857 7760 10587 12572 12585 20094 20751 20997 21033 21050 21081 21109 21571 21590 22077 22087 22325 22359 22386 22387 22474 22494 22501 22509 22571 22857 22988 22993 23012 23013 23145 23287 23302 23312 23320 23323 23324 23326 23593 23724 23725 23800 24006 24010 24165 24210 24222 24248 24261 24272 24286 24496 24508 24661 24668 24867 24890 24971 24990 24995 24996 25050
    }
}