state = {
    id = 1159
    name="STATE_1159"
    manpower = 90000
	state_category = rural

    history = {
 		owner = CAN
		add_core_of = CAN
    }

    provinces = {
        1323 1737 4343 4870 4877 7677 7753 7761 7853 10273 10644 12578 17231 20055 20077 20217 20261 20422 20430 20748 20995 21006 21044 21049 21083 21124 21246 21249 21252 21341 21452 21466 21467 21861 21924 21985 22081 22163 22195 22204 22271 22272 22286 22288 22289 22295 22298 22299 22300 22302 22303 22500 22814 22837 22860 22879 22881 22882 22924 22950 22961 22966 22967 22968 22972 22973 22977 22979 22982 22991 23002 23003 23004 23011 23143 23191 23206 23231 23238 23240 23241 23247 23250 23251 23254 23255 23322 23334 23346 23348 23357 23360 23387 23509 23510 23511 23513 23514 23516 23517 23518 23519 23520 23521 23522 23527 23532
    }

    local_supplies = 0
}
