state = {
    id = 1162
    name="STATE_1162"
    manpower = 12000
    state_category = rural

    history = {
 		owner = CAN
		add_core_of = CAN

}
    local_supplies = 0
    provinces = {
        4678 12508 12571 17235 20237 20238 20747 21002 21107 21108 21126 21138 21143 21194 21235 21340 21371 22038 22059 22074 22085 22274 22275 22340 22507 22510 22512 22513 22515 22566 22658 22785 22790 23337 23341 23342 23347 23362 23363 23364 23388 23389 23393 23419 23420 23421 23503 23505 23687 23994 24005 24126 24176 24177 24207 24224 24284 24285 24297 24303 24316 24323 24350 24354 24624 24644 24658 24666 24710 24792 24851 24997 24999 25000 25045 25130 25132
    }
}