state = {
    id = 1260
    name="STATE_1260" #St. Elias Mountains
    manpower = 0
    state_category = wasteland

    history = {
		owner = CAN
		add_core_of = CAN
    }

    provinces = {
        7869 17171 17189 17224 17244 20228 21254 21281 21282 22055 22056 22057 22061 22073 22150 22151 22559 22562 22563 22564 22568 22570 22573 22574 22575 22665 22781 22782 22783 22787 22789 22791 22792 22793 23443 23500 23501 23504 23506 23507 23828 24087 24115 24134 24173 24331 24334 24335 24641 24642 24646 24657 24717 24718 25041 25042 25043 25047 25049 25052 25053 25054 25068 25123 25126 25127 25128 25131 25133 25134
    }

    local_supplies = 0
}
