
state={
	id=378
	name="STATE_378"
	manpower = 5677248
	
	state_category = metropolis
	
	resources={
		oil=120 # was: 350 #2025-12-12: was: 180
		aluminium=8 # was: 14
	}

	history={
		owner = USA
		buildings = {
			infrastructure = 3 #was: 6
			arms_factory = 2
			industrial_complex = 6
			dockyard = 2
			air_base = 10
			610 = {
				naval_base = 1
			}
		}
	}

	provinces={
		610 677 710 766 768 781 823 941 986 1432 1601 1651 3588 3644 3677 3678 3784 3840 4331 4518 4657 4727 6482 6665 6681 6694 6699 6745 6757 6772 6861 6876 6881 7517 7667 7986 9637 9697 9713 9730 9855 9911 10159 10387 10483 11658 11698 11757 11763 11795 11859 11876 12303 12374 14399 14635 17308 21416 21417 21418 21434 21435 21436 21437 21459 21460 21461 21481 21482 21488 21506 21850 21851 21852 21853 21854 21855 21859 21863 21865 21866 21888 21889 21890 21891 21893 21895 21902 21907 21910 21913 21927 21928 21929 21930 21932 21933 21934 21935 21936 21937 21946 21947 21966 21970 21972 21973 21976 21977 21980 21988 21990 22015 22016 22018 22020 22022 22030 22031 22170 22171 22184 22185 22186 22187 22198 22199 22200 22209 22210 22216 22222 23038 23537 23540 23543 23544 23546 23547 23553 23562 23572 23575 23637 23640 23642 23643 23653 23656 23668 23675 23684 23691 23744 23747 23749 23750 23756 23759 23760 23764 23765 23766 23782 23789 23841 23852 23856 23857 23864 23869 23874 23890 23896 23957 23959 23963 23966 23969 23983 23987 24363 24364 24379 24380 24381 24382 24402 24403 24404 24420 24421 24427 24440 24543
	}

	local_supplies=0.0 
}
