
state={
	id=381
	name="STATE_381"
	manpower = 225564

	resources = {
		coal = 7 #initial distributionn = with infra 12.6 / 1280 total
	}

	state_category = rural
	
	history={
		owner = USA
		buildings = {
			infrastructure = 2
		}
		add_core_of = USA
	}

	provinces={
		1815 4723 4794 7688 7814 7888 10640 10711 12561 12633 12651 17290 17295 17296 21025 21155 21198 21292 21473 21581 21582 21593 21877 21912 21949 21963 22000 22009 22037 22042 22044 22064 22066 22067 22098 22129 22136 22157 22207 22255 22256 22262 22850 23027 23042 23062 23075 23093 23102 23114 23118 23120 23130 23132 23133 23153 23173 23176 23187 23209 23222 23223 23226 23604 23690 23709 23792 23812 23834 23920 23941 24002 24020 24024 24152 24154 24155 24240 24308 24317 24341 24416 24501 24502 24509 24531 24547 24568 24582 24602 24611 24623 24628 24630 24649 24651 24652 24676 24702 24706 24723 24752 24776 24777 24780
	}
	

	local_supplies=0.0 
}
