
state={
	id=382
	name="STATE_382"
	manpower = 1035790
	resources={
		oil=14 # was: 20
		coal = 7 # initial distribution = with infra 14 / 1280 total
	}
	
	state_category = town

	history={
		owner = USA
		buildings = {
			infrastructure = 2
			industrial_complex = 1
		}
		add_core_of = USA
		victory_points = {
			1827 5 
		}

	}

	provinces={
		868 1658 1809 1827 3869 6887 7684 7780 7999 9792 10535 10588 12627 12642 15348 17297 20086 20757 21047 21465 21477 21858 21867 21878 21897 21938 21948 21954 21967 21974 21991 21996 22041 22043 22053 22068 22070 22088 22107 22203 22208 23016 23019 23028 23035 23053 23061 23067 23076 23079 23085 23089 23117 23119 23128 23134 23136 23146 23160 23205 23210 23550 23576 23603 23605 23659 23767 23791 23808 23842 23859 23900 23908 24019 24022 24052 24156 24163 24212 24258 24408 24417 24518 24522 24532 24540 24559 24567 24573 24584 24587 24594 24598 24627 24629 24638 24653 24655 24669 24685 24748 24753 25253
	}

	local_supplies=8.0 
}
