
state={
	id=385
	name="STATE_385"
	manpower = 953785
	
	state_category = town

	history={
		owner = USA
		buildings = {
			infrastructure = 3 #was: 5
			industrial_complex = 1
			air_base = 6
			12211 = {
				naval_base = 3
			}
		}
		add_core_of = USA
		

	}

	provinces={
		505 528 1414 3471 4274 4328 4347 4380 4826 7398 7865 10151 10183 10305 10625 11495 11733 12183 12211 12281 21253 21415 21439 21505 21507 21509 21585 21848 21849 21862 21886 21887 21899 21901 21903 21904 21943 21950 21978 21981 21986 21999 22014 22017 22026 22027 22029 22138 22146 22169 22189 22221 22223 22225 22258 23018 23033 23037 23058 23063 23080 23083 23092 23107 23178 23183 23533 23535 23561 23633 23636 23665 23667 23670 23671 23717 23776 23827 23871 23875 23884 23919 23952 23961 23977 23978 23981 24330 24362 24384 24439 24441 24443 24504 24521 24538 24542 24554 24564 24569 24588 24592 24601 24616 24708 24714
	}

	local_supplies=0.0 
}
