state={
	id=463
	name="STATE_463"

	history={
		owner = USA
		buildings = {
			infrastructure = 1
			air_base = 1
			13091 = {
				naval_base = 1

			}

		}
		#add_core_of = USA
		victory_points = {
			13090 1 
		}
		victory_points = {
			13091 3 
		}

	}

	provinces={
		1135 1830 4833 4848 7855 7884 10679 10694 10707 12661 13069 13090 13091 13202 13203 16828 16829 17161 17162 17163 17165 17167 17170 17173 17174 17175 17176 17177 17179 17180 17182 17183 17184 17185 17186 17187 17188 17190 17191 17192 17193 17194 17197 17198 17199 17200 17203 17205 17209 17213 17223 17225 17226 17228 17229 17230 17232 17234 17238 17239 17241 17242 17243 17245 17247 17248 17249 20322 20477 20478 20651 20821 20839 21009 21030 21031 21032 21051 21055 21057 21085 21086 21087 21090 21091 21092 21117 21119 21120 21121 21122 21296 21314 21322 21372 21374 21399 21400 21414 21428 21447 21448 21449 21450 21451 21455 21456 21457 21458 21470 21471 21472 21479 21480 21493 21494 21495 21498 21499 21500 21501 21502 21504 21516 21517 21518 21519 21520 21521 21522 21524 21525 21526 21527 21528 21529 21530 21531 21532 21533 21534 21535 21536 21537 21538 21539 21540 21558 21559 21561 21562 22060 22062 22158 22243 22244 22328 22347 22348 22372 22377 22392 22397 22399 22400 22403 22404 22406 22407 22408 22409 22411 22414 22416 22417 22418 22419 22420 22422 22423 22425 22426 22427 22428 22429 22430 22431 22432 22433 22434 22435 22436 22439 22440 22441 22442 22445 22447 22450 22452 22454 22455 22456 22457 22458 22459 22460 22462 22463 22464 22466 22480 22484 22489 22490 22496 22497 22498 22499 22502 22504 22505 22506 22514 22516 22517 22518 22519 22520 22521 22522 22523 22524 22525 22526 22527 22528 22529 22530 22531 22532 22533 22534 22535 22536 22537 22538 22539 22540 22541 22542 22543 22544 22545 22546 22547 22548 22549 22550 22551 22552 22553 22554 22555 22556 22557 22567 22569 22576 22579 22650 22651 22667 22686 22687 22693 22701 22702 22704 22706 22708 22711 22714 22716 22717 22718 22719 22722 22730 22731 22732 22733 22734 22735 22737 22738 22740 22745 22747 22749 22750 22754 22755 22756 22758 22759 22760 22761 22762 22763 22764 22765 22766 22767 22768 22769 22770 22771 22772 22773 22774 22775 22776 22777 22788 22794 23335 23339 23340 23344 23345 23349 23350 23351 23353 23392 23394 23395 23396 23397 23398 23399 23400 23401 23402 23404 23405 23406 23407 23408 23409 23410 23411 23412 23413 23414 23415 23416 23417 23418 23422 23423 23424 23425 23426 23427 23428 23429 23430 23431 23432 23433 23434 23435 23436 23437 23449 23452 23453 23454 23456 23459 23460 23461 23462 23465 23468 23469 23470 23471 23473 23474 23479 23481 23483 23484 23489 23490 23491 23492 23493 23494 23495
	}
	manpower=67500
	buildings_max_level_factor=1
	state_category="rural"

	local_supplies=0.0 
}
