
state={
	id=467
	name="STATE_467"

	history={
		owner = CAN
		buildings = {
			infrastructure = 2
			industrial_complex = 1

		}
		victory_points = {
			4872 5 
		}
		add_core_of = CAN

	}

	provinces={
		1848 1873 3721 4218 4426 4790 4872 5119 6728 7782 9615 12145 12636 12688 13163 20093 20097 20249 20720 22330 22338 22346 22381 22395 22473 22475 22479 22486 22591 22598 22599 22605 22607 22623 22639 22685 22699 23269 23275 23299 23311 23314 23318 23610 23621 23648 23664 23673 23708 23731 23741 23809 23849 23974 24021 24033 24164 24167 24179 24203 24841 24849 24857 24885 24896 24970 24975 24982
	}
	manpower=641071
	buildings_max_level_factor=1.000
	state_category=rural

	local_supplies=9.0 
}
