state={
	id=471
	name="STATE_471"

	history={
		owner = CAN
		buildings = {
			infrastructure = 1
			10548 = {
				naval_base = 1

			}

		}
		add_core_of = CAN

	}

	provinces={
		1799 1872 2991 4678 10548 10644 12508 12571 17172 17227 17235 17236 20055 20237 20238 20740 20747 20811 21002 21008 21077 21078 21079 21107 21108 21118 21124 21126 21138 21153 21159 21194 21235 21287 21288 21340 21401 21402 21413 21425 21426 21427 21431 21432 21433 21489 21490 21491 21497 21523 21541 21544 21545 21548 21549 21550 21551 21556 21557 21560 21563 21564 21565 21573 21574 21577 21587 21861 21875 21882 21885 21924 21992 22038 22058 22059 22074 22085 22092 22102 22113 22114 22123 22128 22131 22142 22155 22165 22166 22168 22176 22177 22178 22181 22182 22183 22217 22218 22228 22231 22233 22234 22235 22240 22241 22242 22245 22246 22247 22252 22259
	}
	manpower=27681
	buildings_max_level_factor=1.000
	state_category=rural
	local_supplies=3.000
}
