state={
	id=472
	name="STATE_472"
	history={
		owner = CAN
		buildings = {
			infrastructure = 1
		}
		add_core_of = CAN

	}

	provinces={
		2407 5403 7696 8653 10527 13075 13188 13189 16845 16847 17201 17206 17207 17211 17215 17221 22332 22398 22405 22443 22448 22449 22451 22453 22615 22628 22643 22645 22646 22682 22700 22705 22723 22726 22727 22728 22729 23438 23466 23629 23793 23899 24043 24057 24058 24099 24104 24105 24107 24109 24111 24112 24843 24899 24906 24942 24946 24947 24949 24951 25063 25093
	}
	manpower=27681
	buildings_max_level_factor=1.000
	state_category=wasteland
	local_supplies=0.000
}
