
state={
	id=473
	name="STATE_473"
	manpower = 638165
	resources={
		oil=1 # was: 2
		coal=4 # initial distribtuion = with infra 6.4 / 36 total
	}
	
	state_category = town

	history={
		owner = CAN
		buildings = {
			infrastructure = 3 #was: 5
			arms_factory = 1
			industrial_complex = 1
			dockyard = 1
			air_base = 3
			1408 = {
				naval_base = 5
			}
		}
		add_core_of = CAN
		victory_points = {
			1408 15 
		}
	}

	provinces={
		1393 1408 1858 4385 4413 4428 10228 10258 12231 21010 21019 21020 21034 21035 21072 21142 21191 21284 21285 21420 21421 21429 21430 21440 21441 21442 21443 21444 21483 21484 21485 21486 21508 21542 21543 21547 21553 21554 21586 21589 21880 21905 21906 21983 22093 22097 22103 22112 22135 22153 22154 22172 22179 22180 22190 22191 22192 22211 22212 22213 22214 22224 22229 22230 22237 22238 22261 22984 23030 23039 23040 23152 23196 23197 23199 23215 23336 23361 23366 23367 23373 23378 23379 23380 23384 23615 23672 23674 23877 23881 24231 24236 24237 24250 24268 24315 24338 24366 24374 24375 24385 24386 24387 24422 24423 24424 24425 24442 24470 24471 24480 24481 24507 24534 24544 24545 24590 24675 24681 24690 24720 24721 24738 24742 24754 24755 24756 24763 24765
	}

	local_supplies=4.0 
}
