state={
	id=683
	name="STATE_683"
	resources={
		aluminium=7.000
	}

	history={
		owner = CAN
		buildings = {
			infrastructure = 1

		}
		add_core_of = CAN

	}

	provinces={
		1712 2947 3691 7813 7901 8962 10721 13190 13191 16852 16853 16862 16865 17160 17212 17218 17222 20334 20335 20336 20337 20338 20339 20340 20341 20342 20343 20344 20345 20346 20347 20965 20966 20967 20968 20969 20970 20971 20972 20973 20974 20975 20976 20977 20978 20979 20980 20981 20982 20983 20984 20985 20986 20998 20999 21013 21014 21058 21059 21060 21061 21062 21064 21065 21067 21068 21094 21095 21096 21097 21123
	}
	manpower=46135
	buildings_max_level_factor=1.000
	state_category=wasteland
	local_supplies=0.000
	impassable = yes
}
